SM:2021-08-16T13:48:26.0000000Z
LM:2021-08-16T13:50:25.7468075Z
CT:image/png
MA:604800
CL:493379
