SM:2021-08-19T04:51:19.0000000Z
LM:2021-08-19T04:51:43.2645027Z
CT:image/png
MA:604800
CL:30346
