SM:2021-08-24T13:12:46.0000000Z
LM:2021-08-24T14:20:04.7680159Z
CT:image/png
MA:604800
CL:17405
