SM:2021-08-25T09:46:39.0000000Z
LM:2021-08-25T14:36:07.4181828Z
CT:image/png
MA:604800
CL:17405
