SM:2021-08-26T12:34:59.0000000Z
LM:2021-08-26T13:39:53.4220572Z
CT:image/png
MA:604800
CL:17405
