SM:2021-08-17T09:03:54.0000000Z
LM:2021-08-17T13:35:24.2252217Z
CT:image/png
MA:604800
CL:9021
