SM:2021-08-23T09:42:22.0000000Z
LM:2021-08-23T11:42:47.7647706Z
CT:image/jpeg
MA:604800
CL:8353
