SM:2021-08-17T08:44:24.0000000Z
LM:2021-08-17T13:35:24.2252241Z
CT:image/png
MA:604800
CL:9021
