SM:2021-08-19T09:06:00.0000000Z
LM:2021-08-19T09:06:16.9934528Z
CT:image/png
MA:604800
CL:65190
