SM:2021-08-17T06:49:19.0000000Z
LM:2021-08-17T09:57:11.8713061Z
CT:image/png
MA:604800
CL:9021
