SM:2021-08-24T13:00:43.0000000Z
LM:2021-08-24T14:20:04.4022740Z
CT:image/png
MA:604800
CL:9021
