SM:2021-08-24T06:05:15.0000000Z
LM:2021-08-24T14:20:04.9241717Z
CT:image/png
MA:604800
CL:17405
