SM:2021-08-13T13:56:14.0000000Z
LM:2021-08-13T13:56:32.8679245Z
CT:image/jpeg
MA:604800
CL:2073104
