SM:2021-08-24T12:20:38.0000000Z
LM:2021-08-24T14:20:04.7682827Z
CT:image/png
MA:604800
CL:17405
