SM:2021-08-18T22:00:22.0000000Z
LM:2021-08-19T05:49:13.5089556Z
CT:image/png
MA:604800
CL:16664
