SM:2021-08-25T14:37:14.0000000Z
LM:2021-08-25T14:37:54.2388655Z
CT:image/png
MA:604800
CL:73008
