SM:2021-08-16T07:39:12.0000000Z
LM:2021-08-16T08:20:20.9879572Z
CT:image/png
MA:604800
CL:272263
