SM:2021-08-25T11:10:50.0000000Z
LM:2021-08-25T14:36:07.4181812Z
CT:image/png
MA:604800
CL:9021
