SM:2021-08-24T08:06:30.0000000Z
LM:2021-08-24T14:31:24.0238553Z
CT:image/jpeg
MA:604800
CL:8353
