SM:2021-08-16T13:48:26.0000000Z
LM:2021-08-16T13:52:20.2201401Z
CT:image/png
MA:604800
CL:39185
